44.5 8.375 22.052195349395287 11.0 18.285714285714285 1.266768991214815
31.166666666666668 7.714285714285714 15.923695602235462 11.0 13.485714285714286 1.5494291057650866
35.333333333333336 11.705882352941176 20.07745418788614 8.5 17.25 1.2065393613149669
38.333333333333336 16.444444444444443 20.695738691817695 5.0 17.08 1.8822637766343246
38.5 10.631578947368421 17.86773396823904 6.5 17.884615384615383 1.6526647653563526
27.857142857142858 12.294117647058824 18.744343146666942 8.0 17.64 1.1554179803492834
40.166666666666664 8.5 15.44538766104626 9.0 15.4 1.7332408127219145
18.857142857142858 6.6875 7.63998527485492 8.0 9.325 1.8395590653974185
13.11111111111111 3.6666666666666665 5.658399581357456 6.0 7.934782608695652 1.6919117623401514
28.11111111111111 6.6 7.66545391176996 6.0 8.571428571428571 1.5638766275741067
31.285714285714285 6.666666666666667 15.602214955934654 12.0 16.304347826086957 1.3615618923466022
36.833333333333336 13.0 16.3566482149737 7.0 16.807692307692307 1.4576182814037064
37.0 6.5 17.82964368044483 15.0 20.470588235294116 2.0655732940963025
67.5 23.666666666666668 29.397656747132455 4.0 16.333333333333332 2.711382113821138
67.5 32.0 31.315172041679734 4.0 19.4 3.053658536585366
