1.3553760051727295
1.6450870037078857
1.4547996520996094
1.3534128665924072
1.4032471179962158
1.3174774646759033
1.2725965976715088
1.3414130210876465
1.3104948997497559
1.3743274211883545
1.4549407958984375
1.3763208389282227
1.4750030040740967
1.3732399940490723
1.4033100605010986
1.333404779434204
1.2516224384307861
1.0581707954406738
1.0162816047668457
1.2297146320343018
1.0657787322998047
1.0960705280303955
1.390246868133545
1.0192720890045166
1.1728639602661133
1.4881889820098877
1.3477058410644531
1.3902850151062012
1.3982617855072021
1.5344622135162354
1.358367681503296
1.5737948417663574
1.4630894660949707
1.3464264869689941
1.5608582496643066
2.116621971130371
2.7872700691223145
3.1815595626831055
1.7104315757751465
1.6718213558197021
